50 835
1 2
1 4
1 5
1 6
1 7
1 8
1 9
1 14
1 15
1 16
1 17
1 19
1 20
1 21
1 23
1 24
1 25
1 26
1 28
1 29
1 30
1 31
1 32
1 34
1 35
1 36
1 37
1 38
1 39
1 43
1 44
1 46
1 47
1 48
1 49
1 50
2 4
2 6
2 7
2 8
2 10
2 11
2 12
2 13
2 14
2 15
2 16
2 18
2 20
2 21
2 22
2 23
2 25
2 26
2 27
2 28
2 29
2 30
2 33
2 34
2 35
2 39
2 40
2 42
2 43
2 44
2 45
2 46
2 48
2 49
2 50
3 5
3 6
3 9
3 10
3 11
3 12
3 14
3 15
3 16
3 19
3 22
3 25
3 26
3 32
3 35
3 36
3 37
3 40
3 43
3 45
3 46
3 47
3 48
3 50
4 5
4 6
4 8
4 9
4 10
4 11
4 14
4 15
4 16
4 18
4 20
4 22
4 23
4 24
4 26
4 28
4 29
4 30
4 31
4 32
4 33
4 34
4 38
4 40
4 41
4 43
4 45
4 46
4 47
4 48
4 49
4 50
5 6
5 7
5 8
5 9
5 10
5 11
5 12
5 13
5 14
5 15
5 18
5 19
5 20
5 21
5 22
5 24
5 25
5 26
5 27
5 29
5 30
5 33
5 35
5 37
5 38
5 39
5 41
5 42
5 43
5 44
5 45
5 46
5 47
5 48
5 50
6 7
6 8
6 11
6 13
6 14
6 16
6 17
6 18
6 19
6 20
6 21
6 22
6 23
6 24
6 25
6 27
6 29
6 30
6 31
6 32
6 33
6 34
6 35
6 37
6 38
6 39
6 40
6 41
6 42
6 44
6 45
6 46
6 47
6 48
6 49
7 9
7 12
7 13
7 15
7 16
7 18
7 20
7 22
7 25
7 26
7 27
7 28
7 29
7 31
7 32
7 34
7 37
7 38
7 39
7 40
7 41
7 44
7 46
7 47
7 48
8 9
8 10
8 11
8 12
8 13
8 14
8 15
8 17
8 18
8 19
8 21
8 23
8 25
8 26
8 28
8 29
8 30
8 33
8 35
8 36
8 37
8 39
8 40
8 41
8 42
8 44
8 45
8 46
8 47
8 49
8 50
9 11
9 12
9 14
9 15
9 16
9 17
9 18
9 21
9 23
9 24
9 25
9 26
9 27
9 28
9 29
9 32
9 33
9 34
9 37
9 38
9 40
9 41
9 44
9 45
9 48
9 50
10 12
10 13
10 14
10 16
10 17
10 18
10 20
10 22
10 23
10 25
10 27
10 29
10 31
10 33
10 34
10 35
10 36
10 37
10 38
10 39
10 40
10 41
10 42
10 43
10 44
10 45
10 47
10 48
10 49
10 50
11 12
11 13
11 14
11 15
11 16
11 17
11 19
11 20
11 23
11 24
11 25
11 26
11 27
11 28
11 29
11 30
11 31
11 32
11 33
11 36
11 38
11 39
11 40
11 41
11 44
11 45
11 46
11 47
11 48
12 14
12 15
12 17
12 19
12 21
12 22
12 23
12 24
12 25
12 27
12 28
12 30
12 31
12 32
12 33
12 34
12 35
12 36
12 37
12 41
12 42
12 44
12 46
12 48
12 49
12 50
13 14
13 15
13 16
13 17
13 20
13 21
13 22
13 24
13 25
13 26
13 28
13 29
13 30
13 31
13 33
13 34
13 35
13 36
13 37
13 38
13 39
13 41
13 42
13 43
13 45
13 48
13 49
14 15
14 20
14 23
14 24
14 25
14 28
14 29
14 30
14 32
14 33
14 35
14 37
14 38
14 39
14 41
14 43
14 44
14 45
14 46
14 47
14 48
14 49
15 16
15 17
15 19
15 20
15 22
15 23
15 24
15 25
15 27
15 28
15 29
15 30
15 32
15 35
15 36
15 38
15 44
15 45
15 46
15 47
15 48
15 49
16 17
16 19
16 20
16 21
16 24
16 27
16 31
16 32
16 35
16 37
16 39
16 40
16 42
16 43
16 44
16 46
16 47
16 48
16 50
17 18
17 19
17 20
17 24
17 26
17 32
17 34
17 36
17 39
17 40
17 42
17 43
17 46
17 47
17 49
17 50
18 19
18 20
18 21
18 24
18 25
18 26
18 27
18 30
18 31
18 32
18 35
18 36
18 37
18 39
18 40
18 41
18 42
18 45
18 47
18 48
18 49
19 20
19 21
19 22
19 23
19 25
19 26
19 27
19 28
19 29
19 30
19 32
19 33
19 35
19 36
19 37
19 38
19 40
19 41
19 43
19 44
19 45
19 48
19 49
19 50
20 22
20 23
20 24
20 25
20 26
20 27
20 28
20 29
20 30
20 31
20 32
20 33
20 34
20 36
20 37
20 38
20 39
20 40
20 41
20 43
20 45
20 46
20 47
20 48
20 49
20 50
21 25
21 26
21 27
21 28
21 30
21 34
21 35
21 37
21 39
21 41
21 43
21 44
21 47
22 23
22 24
22 26
22 27
22 28
22 29
22 30
22 31
22 34
22 36
22 37
22 38
22 39
22 41
22 42
22 43
22 45
22 46
22 47
22 48
22 49
23 24
23 25
23 26
23 29
23 30
23 32
23 33
23 36
23 38
23 41
23 42
23 43
23 45
23 47
23 48
23 49
23 50
24 26
24 29
24 30
24 31
24 33
24 34
24 35
24 37
24 38
24 40
24 41
24 45
24 47
24 48
24 49
24 50
25 26
25 27
25 28
25 29
25 30
25 33
25 35
25 36
25 37
25 38
25 39
25 40
25 41
25 42
25 43
25 44
25 45
25 46
25 47
25 49
26 27
26 28
26 30
26 31
26 34
26 35
26 36
26 38
26 40
26 41
26 42
26 44
26 45
26 46
26 47
26 49
26 50
27 28
27 29
27 30
27 31
27 32
27 33
27 35
27 36
27 38
27 40
27 41
27 42
27 43
27 44
27 45
27 46
27 47
27 48
27 49
27 50
28 29
28 30
28 33
28 34
28 35
28 37
28 38
28 40
28 41
28 42
28 43
28 44
28 45
28 47
28 49
29 31
29 32
29 34
29 35
29 36
29 37
29 38
29 39
29 40
29 41
29 42
29 43
29 44
29 46
29 47
29 48
29 50
30 32
30 33
30 35
30 36
30 38
30 39
30 43
30 45
30 46
30 48
30 50
31 32
31 35
31 36
31 37
31 38
31 39
31 41
31 43
31 44
31 46
31 47
31 48
31 49
31 50
32 35
32 36
32 37
32 38
32 39
32 40
32 42
32 43
32 44
32 45
32 46
32 47
32 49
33 36
33 37
33 38
33 42
33 43
33 44
33 45
33 47
33 48
33 50
34 35
34 38
34 40
34 42
34 43
34 47
34 48
34 49
35 36
35 37
35 38
35 41
35 42
35 43
35 44
35 46
35 47
35 48
35 49
35 50
36 37
36 38
36 39
36 40
36 41
36 44
36 46
36 47
36 48
36 49
37 42
37 44
37 46
37 47
37 49
37 50
38 41
38 42
38 43
38 45
38 46
38 48
38 49
38 50
39 40
39 41
39 42
39 45
39 46
39 47
39 48
40 41
40 42
40 43
40 44
40 45
40 46
40 49
41 42
41 44
41 45
41 46
41 47
41 48
41 49
41 50
42 43
42 44
42 46
42 47
42 49
42 50
43 44
43 45
43 46
43 48
43 49
43 50
44 45
44 46
44 47
45 50
46 48
46 49
46 50
47 49
47 50
48 49
48 50
49 50